   120.55254390    37.93473940        22 
   120.55245050    37.93479430        23 
   120.55235710    37.93484920        24 
   120.55226370    37.93490410        25 
   120.55217030    37.93495900        26 
   120.55207690    37.93501390        27 
   120.55192724    37.93507846        28 
   120.55177758    37.93514302        29 
   120.55162792    37.93520758        30 
   120.55147826    37.93527214        31 
   120.55132860    37.93533670        32 
   120.55122272    37.93536920        33 
   120.55111684    37.93540170        34 
   120.55101096    37.93543420        35 
   120.55090508    37.93546670        36 
   120.55079920    37.93549920        37 
   120.55058764    37.93556308        38 
   120.55037608    37.93562696        39 
   120.55016452    37.93569084        40 
   120.54995296    37.93575472        41 
   120.54974140    37.93581860        42 
   120.54958268    37.93586950        43 
   120.54942396    37.93592040        44 
   120.54926524    37.93597130        45 
   120.54910652    37.93602220        46 
   120.54894780    37.93607310        47 
   120.54884430    37.93610914        48 
   120.54874080    37.93614518        49 
   120.54863730    37.93618122        50 
   120.54853380    37.93621726        51 
   120.54843030    37.93625330        52 
   120.54832818    37.93629376        53 
   120.54822606    37.93633422        54 
   120.54812394    37.93637468        55 
   120.54802182    37.93641514        56 
   120.54791970    37.93645560        57 
   120.54777414    37.93652492        58 
   120.54762858    37.93659424        59 
   120.54748302    37.93666356        60 
   120.54733746    37.93673288        61 
   120.54719190    37.93680220        62 
   120.54701202    37.93691298        63 
   120.54683214    37.93702376        64 
   120.54665226    37.93713454        65 
   120.54647238    37.93724532        66 
   120.54629250    37.93735610        67 
   120.54620816    37.93741532        68 
   120.54612382    37.93747454        69 
   120.54603948    37.93753376        70 
   120.54595514    37.93759298        71 
   120.54587080    37.93765220        72 
   120.54573858    37.93773760        73 
   120.54560636    37.93782300        74 
   120.54547414    37.93790840        75 
   120.54534192    37.93799380        76 
   120.54520970    37.93807920        77 
   120.54503004    37.93818802        78 
   120.54485038    37.93829684        79 
   120.54467072    37.93840566        80 
   120.54449106    37.93851448        81 
   120.54431140    37.93862330        82 
   120.54426424    37.93864808        83 
   120.54421708    37.93867286        84 
   120.54416992    37.93869764        85 
   120.54412276    37.93872242        86 
   120.54407560    37.93874720        87 
   120.54387726    37.93882948        88 
   120.54367892    37.93891176        89 
   120.54348058    37.93899404        90 
   120.54328224    37.93907632        91 
   120.54308390    37.93915860        92 
   120.54290931    37.93921917        93 
   120.54273472    37.93927973        94 
   120.54256012    37.93934030        95 
   120.54238553    37.93940086        96 
   120.54221094    37.93946143        97 
   120.54202525    37.93952430        98 
   120.54183956    37.93958718        99 
   120.54165388    37.93965005       100 
   120.54146819    37.93971293       101 
   120.54128250    37.93977580       102 
   120.54117712    37.93980598       103 
   120.54107174    37.93983616       104 
   120.54096636    37.93986634       105 
   120.54086098    37.93989652       106 
   120.54075560    37.93992670       107 
   120.54059742    37.93997020       108 
   120.54043924    37.94001370       109 
   120.54028106    37.94005720       110 
   120.54012288    37.94010070       111 
   120.53996470    37.94014420       112 
   120.53975776    37.94021002       113 
   120.53955082    37.94027584       114 
   120.53934388    37.94034166       115 
   120.53913694    37.94040748       116 
   120.53893000    37.94047330       117 
   120.53877894    37.94053252       118 
   120.53862788    37.94059174       119 
   120.53847682    37.94065096       120 
   120.53832576    37.94071018       121 
   120.53817470    37.94076940       122 
   120.53807792    37.94081202       123 
   120.53798114    37.94085464       124 
   120.53788436    37.94089726       125 
   120.53778758    37.94093988       126 
   120.53769080    37.94098250       127 
   120.53749814    37.94107294       128 
   120.53730548    37.94116338       129 
   120.53711282    37.94125382       130 
   120.53692016    37.94134426       131 
   120.53672750    37.94143470       132 
   120.53657878    37.94149282       133 
   120.53643006    37.94155094       134 
   120.53628134    37.94160906       135 
   120.53613262    37.94166718       136 
   120.53598390    37.94172530       137 
   120.53578296    37.94179846       138 
   120.53558202    37.94187162       139 
   120.53538108    37.94194478       140 
   120.53518014    37.94201794       141 
   120.53497920    37.94209110       142 
   120.53483080    37.94215132       143 
   120.53468240    37.94221154       144 
   120.53453400    37.94227176       145 
   120.53438560    37.94233198       146 
   120.53423720    37.94239220       147 
   120.53413942    37.94243476       148 
   120.53404164    37.94247732       149 
   120.53394386    37.94251988       150 
   120.53384608    37.94256244       151 
   120.53374830    37.94260500       152 
   120.53356255    37.94268923       153 
   120.53337681    37.94277345       154 
   120.53319106    37.94285768       155 
   120.53300532    37.94294190       156 
   120.53281957    37.94302613       157 
   120.53266832    37.94309252       158 
   120.53251706    37.94315892       159 
   120.53236581    37.94322531       160 
   120.53221455    37.94329171       161 
   120.53206330    37.94335810       162 
   120.53196226    37.94339692       163 
   120.53186122    37.94343574       164 
   120.53176018    37.94347456       165 
   120.53165914    37.94351338       166 
   120.53155810    37.94355220       167 
   120.53130714    37.94365114       168 
   120.53105618    37.94375008       169 
   120.53080522    37.94384902       170 
   120.53055426    37.94394796       171 
   120.53030330    37.94404690       172 
   120.53020692    37.94409274       173 
   120.53011054    37.94413858       174 
   120.53001416    37.94418442       175 
   120.52991778    37.94423026       176 
   120.52982140    37.94427610       177 
   120.52967762    37.94434450       178 
   120.52953384    37.94441290       179 
   120.52939006    37.94448130       180 
   120.52924628    37.94454970       181 
   120.52910250    37.94461810       182 
   120.52890634    37.94470648       183 
   120.52871018    37.94479486       184 
   120.52851402    37.94488324       185 
   120.52831786    37.94497162       186 
   120.52812170    37.94506000       187 
   120.52802080    37.94509872       188 
   120.52791990    37.94513744       189 
   120.52781900    37.94517616       190 
   120.52771810    37.94521488       191 
   120.52761720    37.94525360       192 
   120.52745820    37.94530388       193 
   120.52729920    37.94535416       194 
   120.52714020    37.94540444       195 
   120.52698120    37.94545472       196 
   120.52682220    37.94550500       197 
   120.52671604    37.94553538       198 
   120.52660988    37.94556576       199 
   120.52650372    37.94559614       200 
   120.52639756    37.94562652       201 
   120.52629140    37.94565690       202 
   120.52608178    37.94572306       203 
   120.52587216    37.94578921       204 
   120.52566255    37.94585537       205 
   120.52545293    37.94592152       206 
   120.52524331    37.94598768       207 
   120.52509453    37.94604792       208 
   120.52494575    37.94610817       209 
   120.52479696    37.94616841       210 
   120.52464818    37.94622866       211 
   120.52449940    37.94628890       212 
   120.52431408    37.94638000       213 
   120.52412876    37.94647110       214 
   120.52394344    37.94656220       215 
   120.52375812    37.94665330       216 
   120.52357280    37.94674440       217 
   120.52343286    37.94681174       218 
   120.52329292    37.94687908       219 
   120.52315298    37.94694642       220 
   120.52301304    37.94701376       221 
   120.52287310    37.94708110       222 
   120.52277592    37.94711982       223 
   120.52267874    37.94715854       224 
   120.52258156    37.94719726       225 
   120.52248438    37.94723598       226 
   120.52238720    37.94727470       227 
   120.52223614    37.94732898       228 
   120.52208508    37.94738326       229 
   120.52193402    37.94743754       230 
   120.52178296    37.94749182       231 
   120.52163190    37.94754610       232 
   120.52143130    37.94761726       233 
   120.52123070    37.94768842       234 
   120.52103010    37.94775958       235 
   120.52082950    37.94783074       236 
   120.52062890    37.94790190       237 
   120.52052996    37.94794002       238 
   120.52043102    37.94797814       239 
   120.52033208    37.94801626       240 
   120.52023314    37.94805438       241 
   120.52013420    37.94809250       242 
   120.51999058    37.94815328       243 
   120.51984696    37.94821406       244 
   120.51970334    37.94827484       245 
   120.51955972    37.94833562       246 
   120.51941610    37.94839640       247 
   120.51922538    37.94847940       248 
   120.51903466    37.94856240       249 
   120.51884394    37.94864540       250 
   120.51865322    37.94872840       251 
   120.51846250    37.94881140       252 
   120.51832134    37.94887318       253 
   120.51818018    37.94893496       254 
   120.51803902    37.94899674       255 
   120.51789786    37.94905852       256 
   120.51775670    37.94912030       257 
   120.51756248    37.94919524       258 
   120.51736826    37.94927018       259 
   120.51717404    37.94934512       260 
   120.51697982    37.94942006       261 
   120.51678560    37.94949500       262 
   120.51663086    37.94954088       263 
   120.51647612    37.94958676       264 
   120.51632138    37.94963264       265 
   120.51616664    37.94967852       266 
   120.51601190    37.94972440       267 
   120.51590952    37.94975686       268 
   120.51580714    37.94978932       269 
   120.51570476    37.94982178       270 
   120.51560238    37.94985424       271 
   120.51550000    37.94988670       272 
   120.51529728    37.94995392       273 
   120.51509456    37.95002114       274 
   120.51489184    37.95008836       275 
   120.51468912    37.95015558       276 
   120.51448640    37.95022280       277 
   120.51433634    37.95027690       278 
   120.51418628    37.95033100       279 
   120.51403622    37.95038510       280 
   120.51388616    37.95043920       281 
   120.51373610    37.95049330       282 
   120.51363666    37.95053180       283 
   120.51353722    37.95057030       284 
   120.51343778    37.95060880       285 
   120.51333834    37.95064730       286 
   120.51323890    37.95068580       287 
   120.51298946    37.95078136       288 
   120.51274002    37.95087692       289 
   120.51249058    37.95097248       290 
   120.51224114    37.95106804       291 
   120.51199170    37.95116360       292 
   120.51188864    37.95119910       293 
   120.51178558    37.95123460       294 
   120.51168252    37.95127010       295 
   120.51157946    37.95130560       296 
   120.51147640    37.95134110       297 
   120.51127425    37.95140778       298 
   120.51107209    37.95147445       299 
   120.51086994    37.95154113       300 
   120.51066778    37.95160780       301 
   120.51046563    37.95167448       302 
   120.51030600    37.95173314       303 
   120.51014638    37.95179181       304 
   120.50998675    37.95185047       305 
   120.50982713    37.95190914       306 
   120.50966750    37.95196780       307 
   120.50956666    37.95200862       308 
   120.50946582    37.95204944       309 
   120.50936498    37.95209026       310 
   120.50926414    37.95213108       311 
   120.50916330    37.95217190       312 
   120.50901364    37.95223586       313 
   120.50886398    37.95229982       314 
   120.50871432    37.95236378       315 
   120.50856466    37.95242774       316 
   120.50841500    37.95249170       317 
   120.50831516    37.95253274       318 
   120.50821532    37.95257378       319 
   120.50811548    37.95261482       320 
   120.50801564    37.95265586       321 
   120.50791580    37.95269690       322 
   120.50771408    37.95277902       323 
   120.50751236    37.95286114       324 
   120.50731064    37.95294326       325 
   120.50710892    37.95302538       326 
   120.50690720    37.95310750       327 
   120.50676088    37.95317644       328 
   120.50661456    37.95324538       329 
   120.50646824    37.95331432       330 
   120.50632192    37.95338326       331 
   120.50617560    37.95345220       332 
   120.50608048    37.95350042       333 
   120.50598536    37.95354864       334 
   120.50589024    37.95359686       335 
   120.50579512    37.95364508       336 
   120.50570000    37.95369330       337 
   120.50552802    37.95376176       338 
   120.50535604    37.95383022       339 
   120.50518406    37.95389869       340 
   120.50501208    37.95396715       341 
   120.50484010    37.95403561       342 
   120.50475352    37.95406415       343 
   120.50466694    37.95409269       344 
   120.50458036    37.95412122       345 
   120.50449378    37.95414976       346 
   120.50440720    37.95417830       347 
   120.50419154    37.95424880       348 
   120.50397588    37.95431930       349 
   120.50376022    37.95438980       350 
   120.50354456    37.95446030       351 
   120.50332890    37.95453080       352 
   120.50316884    37.95458726       353 
   120.50300878    37.95464372       354 
   120.50284872    37.95470018       355 
   120.50268866    37.95475664       356 
   120.50252860    37.95481310       357 
   120.50241938    37.95484998       358 
   120.50231016    37.95488686       359 
   120.50220094    37.95492374       360 
   120.50209172    37.95496062       361 
   120.50198250    37.95499750       362 
   120.50187412    37.95503562       363 
   120.50176574    37.95507374       364 
   120.50165736    37.95511186       365 
   120.50154898    37.95514998       366 
   120.50144060    37.95518810       367 
   120.50128510    37.95525126       368 
   120.50112960    37.95531442       369 
   120.50097410    37.95537758       370 
   120.50081860    37.95544074       371 
   120.50066310    37.95550390       372 
   120.50055892    37.95554706       373 
   120.50045474    37.95559022       374 
   120.50035056    37.95563338       375 
   120.50024638    37.95567654       376 
   120.50014220    37.95571970       377 
   120.50004064    37.95576304       378 
   120.49993908    37.95580638       379 
   120.49983752    37.95584972       380 
   120.49973596    37.95589306       381 
   120.49963440    37.95593640       382 
   120.49948346    37.95600500       383 
   120.49933252    37.95607360       384 
   120.49918158    37.95614220       385 
   120.49903064    37.95621080       386 
   120.49887970    37.95627940       387 
   120.49867670    37.95636630       388 
   120.49847370    37.95645320       389 
   120.49827070    37.95654010       390 
   120.49806770    37.95662700       391 
   120.49786470    37.95671390       392 
   120.49776254    37.95675740       393 
   120.49766038    37.95680090       394 
   120.49755822    37.95684440       395 
   120.49745606    37.95688790       396 
   120.49735390    37.95693140       397 
   120.49719584    37.95698850       398 
   120.49703778    37.95704560       399 
   120.49687972    37.95710270       400 
   120.49672166    37.95715980       401 
   120.49656360    37.95721690       402 
   120.49645676    37.95725480       403 
   120.49634992    37.95729270       404 
   120.49624308    37.95733060       405 
   120.49613624    37.95736850       406 
   120.49602940    37.95740640       407 
   120.49592568    37.95744600       408 
   120.49582196    37.95748560       409 
   120.49571824    37.95752520       410 
   120.49561452    37.95756480       411 
   120.49551080    37.95760440       412 
   120.49535164    37.95766240       413 
   120.49519248    37.95772040       414 
   120.49503332    37.95777840       415 
   120.49487416    37.95783640       416 
   120.49471500    37.95789440       417 
   120.49460988    37.95793268       418 
   120.49450476    37.95797096       419 
   120.49439964    37.95800924       420 
   120.49429452    37.95804752       421 
   120.49418940    37.95808580       422 
   120.49397508    37.95816192       423 
   120.49376076    37.95823804       424 
   120.49354644    37.95831416       425 
   120.49333212    37.95839028       426 
   120.49311780    37.95846640       427 
   120.49306458    37.95848612       428 
   120.49301136    37.95850584       429 
   120.49295814    37.95852556       430 
   120.49290492    37.95854528       431 
   120.49285170    37.95856500       432 
   120.49264398    37.95864822       433 
   120.49243626    37.95873144       434 
   120.49222854    37.95881466       435 
   120.49202082    37.95889788       436 
   120.49181310    37.95898110       437 
   120.49170998    37.95902276       438 
   120.49160686    37.95906442       439 
   120.49150374    37.95910608       440 
   120.49140062    37.95914774       441 
   120.49129750    37.95918940       442 
   120.49113612    37.95924768       443 
   120.49097474    37.95930596       444 
   120.49081336    37.95936424       445 
   120.49065198    37.95942252       446 
   120.49049060    37.95948080       447 
   120.49038348    37.95951998       448 
   120.49027636    37.95955916       449 
   120.49016924    37.95959834       450 
   120.49006212    37.95963752       451 
   120.48995500    37.95967670       452 
   120.48985006    37.95971742       453 
   120.48974512    37.95975814       454 
   120.48964018    37.95979886       455 
   120.48953524    37.95983958       456 
   120.48943030    37.95988030       457 
   120.48926724    37.95993690       458 
   120.48910418    37.95999350       459 
   120.48894112    37.96005010       460 
   120.48877806    37.96010670       461 
   120.48861500    37.96016330       462 
   120.48850662    37.96019930       463 
   120.48839824    37.96023530       464 
   120.48828986    37.96027130       465 
   120.48818148    37.96030730       466 
   120.48807310    37.96034330       467 
   120.48796326    37.96038014       468 
   120.48785342    37.96041698       469 
   120.48774358    37.96045382       470 
   120.48763374    37.96049066       471 
   120.48752390    37.96052750       472 
   120.48736078    37.96058334       473 
   120.48719766    37.96063918       474 
   120.48703454    37.96069502       475 
   120.48687142    37.96075086       476 
   120.48670830    37.96080670       477 
   120.48649164    37.96088470       478 
   120.48627498    37.96096270       479 
   120.48605832    37.96104070       480 
   120.48584166    37.96111870       481 
   120.48562500    37.96119670       482 
   120.48551916    37.96123674       483 
   120.48541332    37.96127678       484 
   120.48530748    37.96131682       485 
   120.48520164    37.96135686       486 
   120.48509580    37.96139690       487 
   120.48493730    37.96146118       488 
   120.48477880    37.96152546       489 
   120.48462030    37.96158974       490 
   120.48446180    37.96165402       491 
   120.48430330    37.96171830       492 
   120.48419880    37.96176098       493 
   120.48409430    37.96180366       494 
   120.48398980    37.96184634       495 
   120.48388530    37.96188902       496 
   120.48378080    37.96193170       497 
   120.48367236    37.96197220       498 
   120.48356392    37.96201270       499 
   120.48345548    37.96205320       500 
   120.48334704    37.96209370       501 
   120.48323860    37.96213420       502 
   120.48307522    37.96219470       503 
   120.48291184    37.96225520       504 
   120.48274846    37.96231570       505 
   120.48258508    37.96237620       506 
   120.48242170    37.96243670       507 
   120.48231220    37.96247914       508 
   120.48220270    37.96252158       509 
   120.48209320    37.96256402       510 
   120.48198370    37.96260646       511 
   120.48187420    37.96264890       512 
   120.48176470    37.96269212       513 
   120.48165520    37.96273534       514 
   120.48154570    37.96277856       515 
   120.48143620    37.96282178       516 
   120.48132670    37.96286500       517 
   120.48116002    37.96292544       518 
   120.48099334    37.96298588       519 
   120.48082666    37.96304632       520 
   120.48065998    37.96310676       521 
   120.48049330    37.96316720       522 
   120.48038076    37.96320738       523 
   120.48026822    37.96324756       524 
   120.48015568    37.96328774       525 
   120.48004314    37.96332792       526 
   120.47993060    37.96336810       527 
   120.47971709    37.96345038       528 
   120.47950358    37.96353267       529 
   120.47929007    37.96361495       530 
   120.47907656    37.96369724       531 
   120.47886305    37.96377952       532 
   120.47880200    37.96380490       533 
   120.47874095    37.96383027       534 
   120.47867990    37.96385565       535 
   120.47861885    37.96388102       536 
   120.47855780    37.96390640       537 
   120.47834012    37.96399456       538 
   120.47812244    37.96408272       539 
   120.47790476    37.96417088       540 
   120.47768708    37.96425904       541 
   120.47746940    37.96434720       542 
   120.47735964    37.96439038       543 
   120.47724988    37.96443356       544 
   120.47714012    37.96447674       545 
   120.47703036    37.96451992       546 
   120.47692060    37.96456310       547 
   120.47675614    37.96462726       548 
   120.47659168    37.96469142       549 
   120.47642722    37.96475558       550 
   120.47626276    37.96481974       551 
   120.47609830    37.96488390       552 
   120.47598776    37.96492606       553 
   120.47587722    37.96496822       554 
   120.47576668    37.96501038       555 
   120.47565614    37.96505254       556 
   120.47554560    37.96509470       557 
   120.47543648    37.96513638       558 
   120.47532736    37.96517806       559 
   120.47521824    37.96521974       560 
   120.47510912    37.96526142       561 
   120.47500000    37.96530310       562 
   120.47483334    37.96536470       563 
   120.47466668    37.96542630       564 
   120.47450002    37.96548790       565 
   120.47433336    37.96554950       566 
   120.47416670    37.96561110       567 
   120.47405730    37.96565138       568 
   120.47394790    37.96569166       569 
   120.47383850    37.96573194       570 
   120.47372910    37.96577222       571 
   120.47361970    37.96581250       572 
   120.47351014    37.96585506       573 
   120.47340058    37.96589762       574 
   120.47329102    37.96594018       575 
   120.47318146    37.96598274       576 
   120.47307190    37.96602530       577 
   120.47290586    37.96608658       578 
   120.47273982    37.96614786       579 
   120.47257378    37.96620914       580 
   120.47240774    37.96627042       581 
   120.47224170    37.96633170       582 
   120.47213092    37.96637008       583 
   120.47202014    37.96640846       584 
   120.47190936    37.96644684       585 
   120.47179858    37.96648522       586 
   120.47168780    37.96652360       587 
   120.47147341    37.96660183       588 
   120.47125901    37.96668005       589 
   120.47104462    37.96675828       590 
   120.47083022    37.96683650       591 
   120.47061583    37.96691473       592 
   120.47055322    37.96693784       593 
   120.47049062    37.96696096       594 
   120.47042801    37.96698407       595 
   120.47036541    37.96700719       596 
   120.47030280    37.96703030       597 
   120.47008090    37.96711324       598 
   120.46985900    37.96719618       599 
   120.46963710    37.96727912       600 
   120.46941520    37.96736206       601 
   120.46919330    37.96744500       602 
   120.46908408    37.96748706       603 
   120.46897486    37.96752912       604 
   120.46886564    37.96757118       605 
   120.46875642    37.96761324       606 
   120.46864720    37.96765530       607 
   120.46848176    37.96771890       608 
   120.46831632    37.96778250       609 
   120.46815088    37.96784610       610 
   120.46798544    37.96790970       611 
   120.46782000    37.96797330       612 
   120.46771106    37.96801536       613 
   120.46760212    37.96805742       614 
   120.46749318    37.96809948       615 
   120.46738424    37.96814154       616 
   120.46727530    37.96818360       617 
   120.46716558    37.96822644       618 
   120.46705586    37.96826928       619 
   120.46694614    37.96831212       620 
   120.46683642    37.96835496       621 
   120.46672670    37.96839780       622 
   120.46656436    37.96846318       623 
   120.46640202    37.96852856       624 
   120.46623968    37.96859394       625 
   120.46607734    37.96865932       626 
   120.46591500    37.96872470       627 
   120.46580544    37.96876826       628 
   120.46569588    37.96881182       629 
   120.46558632    37.96885538       630 
   120.46547676    37.96889894       631 
   120.46536720    37.96894250       632 
   120.46525642    37.96898400       633 
   120.46514564    37.96902550       634 
   120.46503486    37.96906700       635 
   120.46492408    37.96910850       636 
   120.46481330    37.96915000       637 
   120.46464552    37.96920844       638 
   120.46447774    37.96926688       639 
   120.46430996    37.96932532       640 
   120.46414218    37.96938376       641 
   120.46397440    37.96944220       642 
   120.46386164    37.96948170       643 
   120.46374888    37.96952120       644 
   120.46363612    37.96956070       645 
   120.46352336    37.96960020       646 
   120.46341060    37.96963970       647 
   120.46319503    37.96971899       648 
   120.46297946    37.96979827       649 
   120.46276389    37.96987756       650 
   120.46254832    37.96995684       651 
   120.46233275    37.97003613       652 
   120.46227064    37.97006018       653 
   120.46220853    37.97008424       654 
   120.46214642    37.97010829       655 
   120.46208431    37.97013235       656 
   120.46202220    37.97015640       657 
   120.46180520    37.97024628       658 
   120.46158820    37.97033616       659 
   120.46137120    37.97042604       660 
   120.46115420    37.97051592       661 
   120.46093720    37.97060580       662 
   120.46082942    37.97065230       663 
   120.46072164    37.97069880       664 
   120.46061386    37.97074530       665 
   120.46050608    37.97079180       666 
   120.46039830    37.97083830       667 
   120.46023552    37.97090442       668 
   120.46007274    37.97097054       669 
   120.45990996    37.97103666       670 
   120.45974718    37.97110278       671 
   120.45958440    37.97116890       672 
   120.45947196    37.97120906       673 
   120.45935952    37.97124922       674 
   120.45924708    37.97128938       675 
   120.45913464    37.97132954       676 
   120.45902220    37.97136970       677 
   120.45890954    37.97140676       678 
   120.45879688    37.97144382       679 
   120.45868422    37.97148088       680 
   120.45857156    37.97151794       681 
   120.45845890    37.97155500       682 
   120.45828734    37.97161228       683 
   120.45811578    37.97166956       684 
   120.45794422    37.97172684       685 
   120.45777266    37.97178412       686 
   120.45760110    37.97184140       687 
   120.45748944    37.97188100       688 
   120.45737778    37.97192060       689 
   120.45726612    37.97196020       690 
   120.45715446    37.97199980       691 
   120.45704280    37.97203940       692 
   120.45693102    37.97208090       693 
   120.45681924    37.97212240       694 
   120.45670746    37.97216390       695 
   120.45659568    37.97220540       696 
   120.45648390    37.97224690       697 
   120.45631812    37.97231068       698 
   120.45615234    37.97237446       699 
   120.45598656    37.97243824       700 
   120.45582078    37.97250202       701 
   120.45565500    37.97256580       702 
   120.45554422    37.97260930       703 
   120.45543344    37.97265280       704 
   120.45532266    37.97269630       705 
   120.45521188    37.97273980       706 
   120.45510110    37.97278330       707 
   120.45488959    37.97286983       708 
   120.45467808    37.97295635       709 
   120.45446658    37.97304288       710 
   120.45425507    37.97312940       711 
   120.45404356    37.97321593       712 
   120.45398213    37.97324102       713 
   120.45392070    37.97326612       714 
   120.45385926    37.97329121       715 
   120.45379783    37.97331631       716 
   120.45373640    37.97334140       717 
   120.45351612    37.97342846       718 
   120.45329584    37.97351552       719 
   120.45307556    37.97360258       720 
   120.45285528    37.97368964       721 
   120.45263500    37.97377670       722 
   120.45252638    37.97381970       723 
   120.45241776    37.97386270       724 
   120.45230914    37.97390570       725 
   120.45220052    37.97394870       726 
   120.45209190    37.97399170       727 
   120.45192786    37.97405836       728 
   120.45176382    37.97412502       729 
   120.45159978    37.97419168       730 
   120.45143574    37.97425834       731 
   120.45127170    37.97432500       732 
   120.45116398    37.97436928       733 
   120.45105626    37.97441356       734 
   120.45094854    37.97445784       735 
   120.45084082    37.97450212       736 
   120.45073310    37.97454640       737 
   120.45062348    37.97459068       738 
   120.45051386    37.97463496       739 
   120.45040424    37.97467924       740 
   120.45029462    37.97472352       741 
   120.45018500    37.97476780       742 
   120.45002094    37.97483186       743 
   120.44985688    37.97489592       744 
   120.44969282    37.97495998       745 
   120.44952876    37.97502404       746 
   120.44936470    37.97508810       747 
   120.44925354    37.97512998       748 
   120.44914238    37.97517186       749 
   120.44903122    37.97521374       750 
   120.44892006    37.97525562       751 
   120.44880890    37.97529750       752 
   120.44869678    37.97533866       753 
   120.44858466    37.97537982       754 
   120.44847254    37.97542098       755 
   120.44836042    37.97546214       756 
   120.44824830    37.97550330       757 
   120.44808020    37.97556148       758 
   120.44791210    37.97561966       759 
   120.44774400    37.97567784       760 
   120.44757590    37.97573602       761 
   120.44740780    37.97579420       762 
   120.44729436    37.97583230       763 
   120.44718092    37.97587040       764 
   120.44706748    37.97590850       765 
   120.44695404    37.97594660       766 
   120.44684060    37.97598470       767 
   120.44662075    37.97605766       768 
   120.44640090    37.97613061       769 
   120.44618105    37.97620357       770 
   120.44596120    37.97627652       771 
   120.44574135    37.97634948       772 
   120.44567764    37.97637086       773 
   120.44561393    37.97639225       774 
   120.44555022    37.97641363       775 
   120.44548651    37.97643502       776 
   120.44542280    37.97645640       777 
   120.44519712    37.97653356       778 
   120.44497144    37.97661072       779 
   120.44474576    37.97668788       780 
   120.44452008    37.97676504       781 
   120.44429440    37.97684220       782 
   120.44418186    37.97688242       783 
   120.44406932    37.97692264       784 
   120.44395678    37.97696286       785 
   120.44384424    37.97700308       786 
   120.44373170    37.97704330       787 
   120.44356530    37.97710476       788 
   120.44339890    37.97716622       789 
   120.44323250    37.97722768       790 
   120.44306610    37.97728914       791 
   120.44289970    37.97735060       792 
   120.44278832    37.97739276       793 
   120.44267694    37.97743492       794 
   120.44256556    37.97747708       795 
   120.44245418    37.97751924       796 
   120.44234280    37.97756140       797 
   120.44223268    37.97760340       798 
   120.44212256    37.97764540       799 
   120.44201244    37.97768740       800 
   120.44190232    37.97772940       801 
   120.44179220    37.97777140       802 
   120.44162610    37.97783668       803 
   120.44146000    37.97790196       804 
   120.44129390    37.97796724       805 
   120.44112780    37.97803252       806 
   120.44096170    37.97809780       807 
   120.44085342    37.97814212       808 
   120.44074514    37.97818644       809 
   120.44063686    37.97823076       810 
   120.44052858    37.97827508       811 
   120.44042030    37.97831940       812 
   120.44031208    37.97836564       813 
   120.44020386    37.97841188       814 
   120.44009564    37.97845812       815 
   120.43998742    37.97850436       816 
   120.43987920    37.97855060       817 
   120.43972102    37.97862236       818 
   120.43956284    37.97869412       819 
   120.43940466    37.97876588       820 
   120.43924648    37.97883764       821 
   120.43908830    37.97890940       822 
   120.43898414    37.97895958       823 
   120.43887998    37.97900976       824 
   120.43877582    37.97905994       825 
   120.43867166    37.97911012       826 
   120.43856750    37.97916030       827 
   120.43836796    37.97925715       828 
   120.43816842    37.97935401       829 
   120.43796889    37.97945086       830 
   120.43776935    37.97954772       831 
   120.43756981    37.97964457       832 
   120.43751113    37.97967238       833 
   120.43745245    37.97970018       834 
   120.43739376    37.97972799       835 
   120.43733508    37.97975579       836 
   120.43727640    37.97978360       837 
   120.43706500    37.97987576       838 
   120.43685360    37.97996792       839 
   120.43664220    37.98006008       840 
   120.43643080    37.98015224       841 
   120.43621940    37.98024440       842 
   120.43611068    37.98028764       843 
   120.43600196    37.98033088       844 
   120.43589324    37.98037412       845 
   120.43578452    37.98041736       846 
   120.43567580    37.98046060       847 
   120.43551286    37.98052270       848 
   120.43534992    37.98058480       849 
   120.43518698    37.98064690       850 
   120.43502404    37.98070900       851 
   120.43486110    37.98077110       852 
   120.43475054    37.98081132       853 
   120.43463998    37.98085154       854 
   120.43452942    37.98089176       855 
   120.43441886    37.98093198       856 
   120.43430830    37.98097220       857 
   120.43419752    37.98101238       858 
   120.43408674    37.98105256       859 
   120.43397596    37.98109274       860 
   120.43386518    37.98113292       861 
   120.43375440    37.98117310       862 
   120.43359018    37.98123376       863 
   120.43342596    37.98129442       864 
   120.43326174    37.98135508       865 
   120.43309752    37.98141574       866 
   120.43293330    37.98147640       867 
   120.43282242    37.98151728       868 
   120.43271154    37.98155816       869 
   120.43260066    37.98159904       870 
   120.43248978    37.98163992       871 
   120.43237890    37.98168080       872 
   120.43226900    37.98172114       873 
   120.43215910    37.98176148       874 
   120.43204920    37.98180182       875 
   120.43193930    37.98184216       876 
   120.43182940    37.98188250       877 
   120.43166196    37.98194316       878 
   120.43149452    37.98200382       879 
   120.43132708    37.98206448       880 
   120.43115964    37.98212514       881 
   120.43099220    37.98218580       882 
   120.43088076    37.98222630       883 
   120.43076932    37.98226680       884 
   120.43065788    37.98230730       885 
   120.43054644    37.98234780       886 
   120.43043500    37.98238830       887 
   120.43022083    37.98246859       888 
   120.43000666    37.98254887       889 
   120.42979249    37.98262916       890 
   120.42957832    37.98270944       891 
   120.42936415    37.98278973       892 
   120.42930166    37.98281312       893 
   120.42923917    37.98283652       894 
   120.42917668    37.98285991       895 
   120.42911419    37.98288331       896 
   120.42905170    37.98290670       897 
   120.42883014    37.98298820       898 
   120.42860858    37.98306970       899 
   120.42838702    37.98315120       900 
   120.42816546    37.98323270       901 
   120.42794390    37.98331420       902 
   120.42783212    37.98335536       903 
   120.42772034    37.98339652       904 
   120.42760856    37.98343768       905 
   120.42749678    37.98347884       906 
   120.42738500    37.98352000       907 
   120.42721956    37.98358278       908 
   120.42705412    37.98364556       909 
   120.42688868    37.98370834       910 
   120.42672324    37.98377112       911 
   120.42655780    37.98383390       912 
   120.42644690    37.98387678       913 
   120.42633600    37.98391966       914 
   120.42622510    37.98396254       915 
   120.42611420    37.98400542       916 
   120.42600330    37.98404830       917 
   120.42589352    37.98409064       918 
   120.42578374    37.98413298       919 
   120.42567396    37.98417532       920 
   120.42556418    37.98421766       921 
   120.42545440    37.98426000       922 
   120.42528764    37.98432362       923 
   120.42512088    37.98438724       924 
   120.42495412    37.98445086       925 
   120.42478736    37.98451448       926 
   120.42462060    37.98457810       927 
   120.42451114    37.98462110       928 
   120.42440168    37.98466410       929 
   120.42429222    37.98470710       930 
   120.42418276    37.98475010       931 
   120.42407330    37.98479310       932 
   120.42396242    37.98483632       933 
   120.42385154    37.98487954       934 
   120.42374066    37.98492276       935 
   120.42362978    37.98496598       936 
   120.42351890    37.98500920       937 
   120.42335424    37.98507330       938 
   120.42318958    37.98513740       939 
   120.42302492    37.98520150       940 
   120.42286026    37.98526560       941 
   120.42269560    37.98532970       942 
   120.42258532    37.98537388       943 
   120.42247504    37.98541806       944 
   120.42236476    37.98546224       945 
   120.42225448    37.98550642       946 
   120.42214420    37.98555060       947 
   120.42193085    37.98563382       948 
   120.42171749    37.98571704       949 
   120.42150414    37.98580026       950 
   120.42129078    37.98588348       951 
   120.42107743    37.98596670       952 
   120.42101438    37.98598974       953 
   120.42095134    37.98601278       954 
   120.42088829    37.98603582       955 
   120.42082525    37.98605886       956 
   120.42076220    37.98608190       957 
   120.42053642    37.98615886       958 
   120.42031064    37.98623582       959 
   120.42008486    37.98631278       960 
   120.41985908    37.98638974       961 
   120.41963330    37.98646670       962 
   120.41951920    37.98650420       963 
   120.41940510    37.98654170       964 
   120.41929100    37.98657920       965 
   120.41917690    37.98661670       966 
   120.41906280    37.98665420       967 
   120.41889212    37.98670864       968 
   120.41872144    37.98676308       969 
   120.41855076    37.98681752       970 
   120.41838008    37.98687196       971 
   120.41820940    37.98692640       972 
   120.41809552    37.98696490       973 
   120.41798164    37.98700340       974 
   120.41786776    37.98704190       975 
   120.41775388    37.98708040       976 
   120.41764000    37.98711890       977 
   120.41752688    37.98715840       978 
   120.41741376    37.98719790       979 
   120.41730064    37.98723740       980 
   120.41718752    37.98727690       981 
   120.41707440    37.98731640       982 
   120.41690730    37.98737718       983 
   120.41674020    37.98743796       984 
   120.41657310    37.98749874       985 
   120.41640600    37.98755952       986 
   120.41623890    37.98762030       987 
   120.41612778    37.98766312       988 
   120.41601666    37.98770594       989 
   120.41590554    37.98774876       990 
   120.41579442    37.98779158       991 
   120.41568330    37.98783440       992 
   120.41557402    37.98787774       993 
   120.41546474    37.98792108       994 
   120.41535546    37.98796442       995 
   120.41524618    37.98800776       996 
   120.41513690    37.98805110       997 
   120.41497152    37.98811710       998 
   120.41480614    37.98818310       999 
   120.41464076    37.98824910      1000 
   120.41447538    37.98831510      1001 
   120.41431000    37.98838110      1002 
   120.41420134    37.98842466      1003 
   120.41409268    37.98846822      1004 
   120.41398402    37.98851178      1005 
   120.41387536    37.98855534      1006 
   120.41376670    37.98859890      1007 
   120.41355375    37.98868446      1008 
   120.41334079    37.98877003      1009 
   120.41312784    37.98885559      1010 
   120.41291488    37.98894116      1011 
   120.41270193    37.98902672      1012 
   120.41264154    37.98905088      1013 
   120.41258116    37.98907503      1014 
   120.41252077    37.98909919      1015 
   120.41246039    37.98912334      1016 
   120.41240000    37.98914750      1017 
   120.41218022    37.98923528      1018 
   120.41196044    37.98932306      1019 
   120.41174066    37.98941084      1020 
   120.41152088    37.98949862      1021 
   120.41130110    37.98958640      1022 
   120.41119272    37.98962934      1023 
   120.41108434    37.98967228      1024 
   120.41097596    37.98971522      1025 
   120.41086758    37.98975816      1026 
   120.41075920    37.98980110      1027 
   120.41059470    37.98986676      1028 
   120.41043020    37.98993242      1029 
   120.41026570    37.98999808      1030 
   120.41010120    37.99006374      1031 
   120.40993670    37.99012940      1032 
   120.40982924    37.99017436      1033 
   120.40972178    37.99021932      1034 
   120.40961432    37.99026428      1035 
   120.40950686    37.99030924      1036 
   120.40939940    37.99035420      1037 
   120.40929146    37.99040048      1038 
   120.40918352    37.99044676      1039 
   120.40907558    37.99049304      1040 
   120.40896764    37.99053932      1041 
   120.40885970    37.99058560      1042 
   120.40869676    37.99065314      1043 
   120.40853382    37.99072068      1044 
   120.40837088    37.99078822      1045 
   120.40820794    37.99085576      1046 
   120.40804500    37.99092330      1047 
   120.40793588    37.99096498      1048 
   120.40782676    37.99100666      1049 
   120.40771764    37.99104834      1050 
   120.40760852    37.99109002      1051 
   120.40749940    37.99113170      1052 
   120.40738786    37.99117158      1053 
   120.40727632    37.99121146      1054 
   120.40716478    37.99125134      1055 
   120.40705324    37.99129122      1056 
   120.40694170    37.99133110      1057 
   120.40677370    37.99138654      1058 
   120.40660570    37.99144198      1059 
   120.40643770    37.99149742      1060 
   120.40626970    37.99155286      1061 
   120.40610170    37.99160830      1062 
   120.40598748    37.99164348      1063 
   120.40587326    37.99167866      1064 
   120.40575904    37.99171384      1065 
   120.40564482    37.99174902      1066 
   120.40553060    37.99178420      1067 
   120.40530818    37.99184585      1068 
   120.40508576    37.99190750      1069 
   120.40486334    37.99196914      1070 
   120.40464092    37.99203079      1071 
   120.40441850    37.99209244      1072 
   120.40435324    37.99210983      1073 
   120.40428798    37.99212722      1074 
   120.40422272    37.99214462      1075 
   120.40415746    37.99216201      1076 
   120.40409220    37.99217940      1077 
   120.40386288    37.99224364      1078 
   120.40363356    37.99230788      1079 
   120.40340424    37.99237212      1080 
   120.40317492    37.99243636      1081 
   120.40294560    37.99250060      1082 
   120.40283126    37.99253464      1083 
   120.40271692    37.99256868      1084 
   120.40260258    37.99260272      1085 
   120.40248824    37.99263676      1086 
   120.40237390    37.99267080      1087 
   120.40220424    37.99272330      1088 
   120.40203458    37.99277580      1089 
   120.40186492    37.99282830      1090 
   120.40169526    37.99288080      1091 
   120.40152560    37.99293330      1092 
   120.40141236    37.99296980      1093 
   120.40129912    37.99300630      1094 
   120.40118588    37.99304280      1095 
   120.40107264    37.99307930      1096 
   120.40095940    37.99311580      1097 
   120.40084830    37.99315386      1098 
   120.40073720    37.99319192      1099 
   120.40062610    37.99322998      1100 
   120.40051500    37.99326804      1101 
   120.40040390    37.99330610      1102 
   120.40023790    37.99336804      1103 
   120.40007190    37.99342998      1104 
   120.39990590    37.99349192      1105 
   120.39973990    37.99355386      1106 
   120.39957390    37.99361580      1107 
   120.39946590    37.99366026      1108 
   120.39935790    37.99370472      1109 
   120.39924990    37.99374918      1110 
   120.39914190    37.99379364      1111 
   120.39903390    37.99383810      1112 
   120.39892828    37.99388442      1113 
   120.39882266    37.99393074      1114 
   120.39871704    37.99397706      1115 
   120.39861142    37.99402338      1116 
   120.39850580    37.99406970      1117 
   120.39834642    37.99414104      1118 
   120.39818704    37.99421238      1119 
   120.39802766    37.99428372      1120 
   120.39786828    37.99435506      1121 
   120.39770890    37.99442640      1122 
   120.39760340    37.99447300      1123 
   120.39749790    37.99451960      1124 
   120.39739240    37.99456620      1125 
   120.39728690    37.99461280      1126 
   120.39718140    37.99465940      1127 
   120.39697343    37.99474852      1128 
   120.39676545    37.99483764      1129 
   120.39655748    37.99492676      1130 
   120.39634950    37.99501588      1131 
   120.39614153    37.99510500      1132 
   120.39608228    37.99512994      1133 
   120.39602304    37.99515488      1134 
   120.39596379    37.99517982      1135 
   120.39590455    37.99520476      1136 
   120.39584530    37.99522970      1137 
   120.39562858    37.99531910      1138 
   120.39541186    37.99540850      1139 
   120.39519514    37.99549790      1140 
   120.39497842    37.99558730      1141 
   120.39476170    37.99567670      1142 
   120.39465448    37.99572008      1143 
   120.39454726    37.99576346      1144 
   120.39444004    37.99580684      1145 
   120.39433282    37.99585022      1146 
   120.39422560    37.99589360      1147 
   120.39406326    37.99595916      1148 
   120.39390092    37.99602472      1149 
   120.39373858    37.99609028      1150 
   120.39357624    37.99615584      1151 
   120.39341390    37.99622140      1152 
   120.39330674    37.99626440      1153 
   120.39319958    37.99630740      1154 
   120.39309242    37.99635040      1155 
   120.39298526    37.99639340      1156 
   120.39287810    37.99643640      1157 
   120.39276892    37.99647996      1158 
   120.39265974    37.99652352      1159 
   120.39255056    37.99656708      1160 
   120.39244138    37.99661064      1161 
   120.39233220    37.99665420      1162 
   120.39216976    37.99671764      1163 
   120.39200732    37.99678108      1164 
   120.39184488    37.99684452      1165 
   120.39168244    37.99690796      1166 
   120.39152000    37.99697140      1167 
   120.39141056    37.99701362      1168 
   120.39130112    37.99705584      1169 
   120.39119168    37.99709806      1170 
   120.39108224    37.99714028      1171 
   120.39097280    37.99718250      1172 
   120.39086302    37.99722428      1173 
   120.39075324    37.99726606      1174 
   120.39064346    37.99730784      1175 
   120.39053368    37.99734962      1176 
   120.39042390    37.99739140      1177 
   120.39026068    37.99745390      1178 
   120.39009746    37.99751640      1179 
   120.38993424    37.99757890      1180 
   120.38977102    37.99764140      1181 
   120.38960780    37.99770390      1182 
   120.38949836    37.99774540      1183 
   120.38938892    37.99778690      1184 
   120.38927948    37.99782840      1185 
   120.38917004    37.99786990      1186 
   120.38906060    37.99791140      1187 
   120.38884847    37.99799030      1188 
   120.38863634    37.99806920      1189 
   120.38842420    37.99814809      1190 
   120.38821207    37.99822699      1191 
   120.38799994    37.99830589      1192 
   120.38793783    37.99832833      1193 
   120.38787572    37.99835077      1194 
   120.38781362    37.99837322      1195 
   120.38775151    37.99839566      1196 
   120.38768940    37.99841810      1197 
   120.38746874    37.99849598      1198 
   120.38724808    37.99857386      1199 
   120.38702742    37.99865174      1200 
   120.38680676    37.99872962      1201 
   120.38658610    37.99880750      1202 
   120.38647532    37.99884628      1203 
   120.38636454    37.99888506      1204 
   120.38625376    37.99892384      1205 
   120.38614298    37.99896262      1206 
   120.38603220    37.99900140      1207 
   120.38586870    37.99906224      1208 
   120.38570520    37.99912308      1209 
   120.38554170    37.99918392      1210 
   120.38537820    37.99924476      1211 
   120.38521470    37.99930560      1212 
   120.38510698    37.99934976      1213 
   120.38499926    37.99939392      1214 
   120.38489154    37.99943808      1215 
   120.38478382    37.99948224      1216 
   120.38467610    37.99952640      1217 
   120.38457160    37.99957268      1218 
   120.38446710    37.99961896      1219 
   120.38436260    37.99966524      1220 
   120.38425810    37.99971152      1221 
   120.38415360    37.99975780      1222 
   120.38399904    37.99983346      1223 
   120.38384448    37.99990912      1224 
   120.38368992    37.99998478      1225 
   120.38353536    38.00006044      1226 
   120.38338080    38.00013610      1227 
   120.38328030    38.00018772      1228 
   120.38317980    38.00023934      1229 
   120.38307930    38.00029096      1230 
   120.38297880    38.00034258      1231 
   120.38287830    38.00039420      1232 
   120.38277626    38.00044536      1233 
   120.38267422    38.00049652      1234 
   120.38257218    38.00054768      1235 
   120.38247014    38.00059884      1236 
   120.38236810    38.00065000      1237 
   120.38221332    38.00072250      1238 
   120.38205854    38.00079500      1239 
   120.38190376    38.00086750      1240 
   120.38174898    38.00094000      1241 
   120.38159420    38.00101250      1242 
   120.38148770    38.00105812      1243 
   120.38138120    38.00110374      1244 
   120.38127470    38.00114936      1245 
   120.38116820    38.00119498      1246 
   120.38106170    38.00124060      1247 
   120.38085007    38.00131631      1248 
   120.38063843    38.00139202      1249 
   120.38042680    38.00146772      1250 
   120.38021516    38.00154343      1251 
   120.38000353    38.00161914      1252 
   120.37982748    38.00167087      1253 
   120.37965144    38.00172260      1254 
   120.37947539    38.00177434      1255 
   120.37929935    38.00182607      1256 
   120.37912330    38.00187780      1257 
   120.37901220    38.00191186      1258 
   120.37890110    38.00194592      1259 
   120.37879000    38.00197998      1260 
   120.37867890    38.00201404      1261 
   120.37856780    38.00204810      1262 
   120.37845624    38.00208460      1263 
   120.37834468    38.00212110      1264 
   120.37823312    38.00215760      1265 
   120.37812156    38.00219410      1266 
   120.37801000    38.00223060      1267 
   120.37784650    38.00228970      1268 
   120.37768300    38.00234880      1269 
   120.37751950    38.00240790      1270 
   120.37735600    38.00246700      1271 
   120.37719250    38.00252610      1272 
   120.37708428    38.00256900      1273 
   120.37697606    38.00261190      1274 
   120.37686784    38.00265480      1275 
   120.37675962    38.00269770      1276 
   120.37665140    38.00274060      1277 
   120.37654324    38.00278310      1278 
   120.37643508    38.00282560      1279 
   120.37632692    38.00286810      1280 
   120.37621876    38.00291060      1281 
   120.37611060    38.00295310      1282 
   120.37594820    38.00301320      1283 
   120.37578580    38.00307330      1284 
   120.37562340    38.00313340      1285 
   120.37546100    38.00319350      1286 
   120.37529860    38.00325360      1287 
   120.37518810    38.00329216      1288 
   120.37507760    38.00333072      1289 
   120.37496710    38.00336928      1290 
   120.37485660    38.00340784      1291 
   120.37474610    38.00344640      1292 
   120.37463632    38.00348312      1293 
   120.37452654    38.00351984      1294 
   120.37441676    38.00355656      1295 
   120.37430698    38.00359328      1296 
   120.37419720    38.00363000      1297 
   120.37402942    38.00368388      1298 
   120.37386164    38.00373776      1299 
   120.37369386    38.00379164      1300 
   120.37352608    38.00384552      1301 
   120.37335830    38.00389940      1302 
   120.37314064    38.00397864      1303 
   120.37292298    38.00405788      1304 
   120.37270532    38.00413712      1305 
   120.37248766    38.00421636      1306 
   120.37227000    38.00429560      1307 
   120.37216905    38.00433582      1308 
   120.37206811    38.00437605      1309 
   120.37196716    38.00441627      1310 
   120.37186622    38.00445650      1311 
   120.37176527    38.00449672      1312 
   120.37170616    38.00452022      1313 
   120.37164704    38.00454371      1314 
   120.37158793    38.00456721      1315 
   120.37152881    38.00459070      1316 
   120.37146970    38.00461420      1317 
   120.37125642    38.00470258      1318 
   120.37104314    38.00479096      1319 
   120.37082986    38.00487934      1320 
   120.37061658    38.00496772      1321 
   120.37040330    38.00505610      1322 
   120.37029736    38.00509888      1323 
   120.37019142    38.00514166      1324 
   120.37008548    38.00518444      1325 
   120.36997954    38.00522722      1326 
   120.36987360    38.00527000      1327 
   120.36971222    38.00533388      1328 
   120.36955084    38.00539776      1329 
   120.36938946    38.00546164      1330 
   120.36922808    38.00552552      1331 
   120.36906670    38.00558940      1332 
   120.36896052    38.00563174      1333 
   120.36885434    38.00567408      1334 
   120.36874816    38.00571642      1335 
   120.36864198    38.00575876      1336 
   120.36853580    38.00580110      1337 
   120.36842826    38.00584426      1338 
   120.36832072    38.00588742      1339 
   120.36821318    38.00593058      1340 
   120.36810564    38.00597374      1341 
   120.36799810    38.00601690      1342 
   120.36783836    38.00608102      1343 
   120.36767862    38.00614514      1344 
   120.36751888    38.00620926      1345 
   120.36735914    38.00627338      1346 
   120.36719940    38.00633750      1347 
   120.36709224    38.00638072      1348 
   120.36698508    38.00642394      1349 
   120.36687792    38.00646716      1350 
   120.36677076    38.00651038      1351 
   120.36666360    38.00655360      1352 
   120.36648299    38.00662571      1353 
   120.36630239    38.00669782      1354 
   120.36612178    38.00676994      1355 
   120.36594118    38.00684205      1356 
   120.36576057    38.00691416      1357 
   120.36567446    38.00694939      1358 
   120.36558834    38.00698462      1359 
   120.36550223    38.00701984      1360 
   120.36541611    38.00705507      1361 
   120.36533000    38.00709030      1362 
   120.36522366    38.00713480      1363 
   120.36511732    38.00717930      1364 
   120.36501098    38.00722380      1365 
   120.36490464    38.00726830      1366 
   120.36479830    38.00731280      1367 
   120.36459377    38.00739909      1368 
   120.36438923    38.00748538      1369 
   120.36418470    38.00757168      1370 
   120.36398016    38.00765797      1371 
   120.36377563    38.00774426      1372 
   120.36361238    38.00781491      1373 
   120.36344914    38.00788556      1374 
   120.36328589    38.00795620      1375 
   120.36312265    38.00802685      1376 
   120.36295940    38.00809750      1377 
   120.36285418    38.00814366      1378 
   120.36274896    38.00818982      1379 
   120.36264374    38.00823598      1380 
   120.36253852    38.00828214      1381 
   120.36243330    38.00832830      1382 
   120.36232752    38.00837326      1383 
   120.36222174    38.00841822      1384 
   120.36211596    38.00846318      1385 
   120.36201018    38.00850814      1386 
   120.36190440    38.00855310      1387 
   120.36174518    38.00861720      1388 
   120.36158596    38.00868130      1389 
   120.36142674    38.00874540      1390 
   120.36126752    38.00880950      1391 
   120.36110830    38.00887360      1392 
   120.36100020    38.00891482      1393 
   120.36089210    38.00895604      1394 
   120.36078400    38.00899726      1395 
   120.36067590    38.00903848      1396 
   120.36056780    38.00907970      1397 
   120.36046040    38.00911870      1398 
   120.36035300    38.00915770      1399 
   120.36024560    38.00919670      1400 
   120.36013820    38.00923570      1401 
   120.36003080    38.00927470      1402 
   120.35986642    38.00933192      1403 
   120.35970204    38.00938914      1404 
   120.35953766    38.00944636      1405 
   120.35937328    38.00950358      1406 
   120.35920890    38.00956080      1407 
   120.35909968    38.00959626      1408 
   120.35899046    38.00963172      1409 
   120.35888124    38.00966718      1410 
   120.35877202    38.00970264      1411 
   120.35866280    38.00973810      1412 
   120.35847449    38.00979628      1413 
   120.35828618    38.00985447      1414 
   120.35809788    38.00991265      1415 
   120.35790957    38.00997084      1416 
   120.35772126    38.01002902      1417 
   120.35763401    38.01005810      1418 
   120.35754676    38.01008717      1419 
   120.35745950    38.01011625      1420 
   120.35737225    38.01014532      1421 
   120.35728500    38.01017440      1422 
   120.35706866    38.01025574      1423 
   120.35685232    38.01033708      1424 
   120.35663598    38.01041842      1425 
   120.35641964    38.01049976      1426 
   120.35620330    38.01058110      1427 
   120.35610332    38.01061950      1428 
   120.35600334    38.01065790      1429 
   120.35590335    38.01069629      1430 
   120.35580337    38.01073469      1431 
   120.35570339    38.01077309      1432 
   120.35553549    38.01083797      1433 
   120.35536759    38.01090285      1434 
   120.35519970    38.01096774      1435 
   120.35503180    38.01103262      1436 
   120.35486390    38.01109750      1437 
   120.35475796    38.01113922      1438 
   120.35465202    38.01118094      1439 
   120.35454608    38.01122266      1440 
   120.35444014    38.01126438      1441 
   120.35433420    38.01130610      1442 
   120.35422808    38.01135060      1443 
   120.35412196    38.01139510      1444 
   120.35401584    38.01143960      1445 
   120.35390972    38.01148410      1446 
   120.35380360    38.01152860      1447 
   120.35364582    38.01159404      1448 
   120.35348804    38.01165948      1449 
   120.35333026    38.01172492      1450 
   120.35317248    38.01179036      1451 
   120.35301470    38.01185580      1452 
   120.35290814    38.01189902      1453 
   120.35280158    38.01194224      1454 
   120.35269502    38.01198546      1455 
   120.35258846    38.01202868      1456 
   120.35248190    38.01207190      1457 
   120.35237552    38.01211440      1458 
   120.35226914    38.01215690      1459 
   120.35216276    38.01219940      1460 
   120.35205638    38.01224190      1461 
   120.35195000    38.01228440      1462 
   120.35178994    38.01234546      1463 
   120.35162988    38.01240652      1464 
   120.35146982    38.01246758      1465 
   120.35130976    38.01252864      1466 
   120.35114970    38.01258970      1467 
   120.35104160    38.01262860      1468 
   120.35093350    38.01266750      1469 
   120.35082540    38.01270640      1470 
   120.35071730    38.01274530      1471 
   120.35060920    38.01278420      1472 
   120.35042082    38.01285013      1473 
   120.35023244    38.01291606      1474 
   120.35004405    38.01298200      1475 
   120.34985567    38.01304793      1476 
   120.34966729    38.01311386      1477 
   120.34947539    38.01317803      1478 
   120.34928349    38.01324220      1479 
   120.34909160    38.01330636      1480 
   120.34889970    38.01337053      1481 
   120.34870780    38.01343470      1482 
   120.34860030    38.01347104      1483 
   120.34849280    38.01350738      1484 
   120.34838530    38.01354372      1485 
   120.34827780    38.01358006      1486 
   120.34817030    38.01361640      1487 
   120.34800824    38.01367400      1488 
   120.34784618    38.01373160      1489 
   120.34768412    38.01378920      1490 
   120.34752206    38.01384680      1491 
   120.34736000    38.01390440      1492 
   120.34725512    38.01394474      1493 
   120.34715024    38.01398508      1494 
   120.34704536    38.01402542      1495 
   120.34694048    38.01406576      1496 
   120.34683560    38.01410610      1497 
   120.34672976    38.01414866      1498 
   120.34662392    38.01419122      1499 
   120.34651808    38.01423378      1500 
   120.34641224    38.01427634      1501 
   120.34630640    38.01431890      1502 
   120.34614940    38.01438228      1503 
   120.34599240    38.01444566      1504 
   120.34583540    38.01450904      1505 
   120.34567840    38.01457242      1506 
   120.34552140    38.01463580      1507 
   120.34541596    38.01467798      1508 
   120.34531052    38.01472016      1509 
   120.34520508    38.01476234      1510 
   120.34509964    38.01480452      1511 
   120.34499420    38.01484670      1512 
   120.34478320    38.01492898      1513 
   120.34457220    38.01501126      1514 
   120.34436120    38.01509354      1515 
   120.34415020    38.01517582      1516 
   120.34393920    38.01525810      1517 
   120.34388598    38.01527842      1518 
   120.34383276    38.01529874      1519 
   120.34377954    38.01531906      1520 
   120.34372632    38.01533938      1521 
   120.34367310    38.01535970      1522 
   120.34346110    38.01543992      1523 
   120.34324910    38.01552014      1524 
   120.34303710    38.01560036      1525 
   120.34282510    38.01568058      1526 
   120.34261310    38.01576080      1527 
   120.34250614    38.01580002      1528 
   120.34239918    38.01583924      1529 
   120.34229222    38.01587846      1530 
   120.34218526    38.01591768      1531 
   120.34207830    38.01595690      1532 
   120.34191808    38.01601646      1533 
   120.34175786    38.01607602      1534 
   120.34159764    38.01613558      1535 
   120.34143742    38.01619514      1536 
   120.34127720    38.01625470      1537 
   120.34117204    38.01629438      1538 
   120.34106688    38.01633406      1539 
   120.34096172    38.01637374      1540 
   120.34085656    38.01641342      1541 
   120.34075140    38.01645310      1542 
   120.34064450    38.01649264      1543 
   120.34053760    38.01653218      1544 
   120.34043070    38.01657172      1545 
   120.34032380    38.01661126      1546 
   120.34021690    38.01665080      1547 
   120.34005814    38.01670864      1548 
   120.33989938    38.01676648      1549 
   120.33974062    38.01682432      1550 
   120.33958186    38.01688216      1551 
   120.33942310    38.01694000      1552 
   120.33931632    38.01697816      1553 
   120.33920954    38.01701632      1554 
   120.33910276    38.01705448      1555 
   120.33899598    38.01709264      1556 
   120.33888920    38.01713080      1557 
   120.33867620    38.01720502      1558 
   120.33846320    38.01727924      1559 
   120.33825020    38.01735346      1560 
   120.33803720    38.01742768      1561 
   120.33782420    38.01750190      1562 
   120.33777064    38.01752096      1563 
   120.33771708    38.01754002      1564 
   120.33766352    38.01755908      1565 
   120.33760996    38.01757814      1566 
   120.33755640    38.01759720      1567 
   120.33734350    38.01767042      1568 
   120.33713060    38.01774364      1569 
   120.33691770    38.01781686      1570 
   120.33670480    38.01789008      1571 
   120.33649190    38.01796330      1572 
   120.33638402    38.01799914      1573 
   120.33627614    38.01803498      1574 
   120.33616826    38.01807082      1575 
   120.33606038    38.01810666      1576 
   120.33595250    38.01814250      1577 
   120.33579484    38.01820088      1578 
   120.33563718    38.01825926      1579 
   120.33547952    38.01831764      1580 
   120.33532186    38.01837602      1581 
   120.33516420    38.01843440      1582 
   120.33506098    38.01847824      1583 
   120.33495776    38.01852208      1584 
   120.33485454    38.01856592      1585 
   120.33475132    38.01860976      1586 
   120.33464810    38.01865360      1587 
   120.33454592    38.01869916      1588 
   120.33444374    38.01874472      1589 
   120.33434156    38.01879028      1590 
   120.33423938    38.01883584      1591 
   120.33413720    38.01888140      1592 
   120.33398676    38.01895050      1593 
   120.33383632    38.01901960      1594 
   120.33368588    38.01908870      1595 
   120.33353544    38.01915780      1596 
   120.33338500    38.01922690      1597 
   120.33328356    38.01927308      1598 
   120.33318212    38.01931926      1599 
   120.33308068    38.01936544      1600 
   120.33297924    38.01941162      1601 
   120.33287780    38.01945780      1602 
   120.33267971    38.01954174      1603 
   120.33248161    38.01962568      1604 
   120.33228352    38.01970961      1605 
   120.33208542    38.01979355      1606 
   120.33188733    38.01987749      1607 
   120.33182886    38.01990055      1608 
   120.33177040    38.01992361      1609 
   120.33171193    38.01994668      1610 
   120.33165347    38.01996974      1611 
   120.33159500    38.01999280      1612 
   120.33138672    38.02007162      1613 
   120.33117844    38.02015044      1614 
   120.33097016    38.02022926      1615 
   120.33076188    38.02030808      1616 
   120.33055360    38.02038690      1617 
   120.33044744    38.02042446      1618 
   120.33034128    38.02046202      1619 
   120.33023512    38.02049958      1620 
   120.33012896    38.02053714      1621 
   120.33002280    38.02057470      1622 
   120.32986396    38.02062882      1623 
   120.32970512    38.02068294      1624 
   120.32954628    38.02073706      1625 
   120.32938744    38.02079118      1626 
   120.32922860    38.02084530      1627 
   120.32912288    38.02088346      1628 
   120.32901716    38.02092162      1629 
   120.32891144    38.02095978      1630 
   120.32880572    38.02099794      1631 
   120.32870000    38.02103610      1632 
   120.32859612    38.02107476      1633 
   120.32849224    38.02111342      1634 
   120.32838836    38.02115208      1635 
   120.32828448    38.02119074      1636 
   120.32818060    38.02122940      1637 
   120.32802386    38.02129036      1638 
   120.32786712    38.02135132      1639 
   120.32771038    38.02141228      1640 
   120.32755364    38.02147324      1641 
   120.32739690    38.02153420      1642 
   120.32729468    38.02157552      1643 
   120.32719246    38.02161684      1644 
   120.32709024    38.02165816      1645 
   120.32698802    38.02169948      1646 
   120.32688580    38.02174080      1647 
   120.32671159    38.02181380      1648 
   120.32653737    38.02188681      1649 
   120.32636316    38.02195981      1650 
   120.32618894    38.02203282      1651 
   120.32601473    38.02210582      1652 
   120.32593278    38.02214166      1653 
   120.32585084    38.02217749      1654 
   120.32576889    38.02221333      1655 
   120.32568695    38.02224916      1656 
   120.32560500    38.02228500      1657 
   120.32540206    38.02237184      1658 
   120.32519912    38.02245868      1659 
   120.32499618    38.02254552      1660 
   120.32479324    38.02263236      1661 
   120.32459030    38.02271920      1662 
   120.32449430    38.02275792      1663 
   120.32439831    38.02279665      1664 
   120.32430231    38.02283537      1665 
   120.32420632    38.02287410      1666 
   120.32411032    38.02291282      1667 
   120.32394776    38.02297470      1668 
   120.32378519    38.02303657      1669 
   120.32362263    38.02309845      1670 
   120.32346006    38.02316032      1671 
   120.32329750    38.02322220      1672 
   120.32319244    38.02325938      1673 
   120.32308738    38.02329656      1674 
   120.32298232    38.02333374      1675 
   120.32287726    38.02337092      1676 
   120.32277220    38.02340810      1677 
   120.32261326    38.02345932      1678 
   120.32245432    38.02351054      1679 
   120.32229538    38.02356176      1680 
   120.32213644    38.02361298      1681 
   120.32197750    38.02366420      1682 
   120.32187112    38.02369830      1683 
   120.32176474    38.02373240      1684 
   120.32165836    38.02376650      1685 
   120.32155198    38.02380060      1686 
   120.32144560    38.02383470      1687 
   120.32134010    38.02386814      1688 
   120.32123460    38.02390158      1689 
   120.32112910    38.02393502      1690 
   120.32102360    38.02396846      1691 
   120.32091810    38.02400190      1692 
   120.32075870    38.02405414      1693 
   120.32059930    38.02410638      1694 
   120.32043990    38.02415862      1695 
   120.32028050    38.02421086      1696 
   120.32012110    38.02426310      1697 
   120.32001654    38.02429882      1698 
   120.31991198    38.02433454      1699 
   120.31980742    38.02437026      1700 
   120.31970286    38.02440598      1701 
   120.31959830    38.02444170      1702 
   120.31938776    38.02451564      1703 
   120.31917722    38.02458958      1704 
   120.31896668    38.02466352      1705 
   120.31875614    38.02473746      1706 
   120.31854560    38.02481140      1707 
   120.31846852    38.02483889      1708 
   120.31839144    38.02486638      1709 
   120.31831435    38.02489386      1710 
   120.31823727    38.02492135      1711 
   120.31816019    38.02494884      1712 
   120.31797503    38.02501335      1713 
   120.31778987    38.02507786      1714 
   120.31760472    38.02514238      1715 
   120.31741956    38.02520689      1716 
   120.31723440    38.02527140      1717 
   120.31713086    38.02530812      1718 
   120.31702732    38.02534484      1719 
   120.31692378    38.02538156      1720 
   120.31682024    38.02541828      1721 
   120.31671670    38.02545500      1722 
   120.31655736    38.02550688      1723 
   120.31639802    38.02555876      1724 
   120.31623868    38.02561064      1725 
   120.31607934    38.02566252      1726 
   120.31592000    38.02571440      1727 
   120.31581438    38.02574686      1728 
   120.31570876    38.02577932      1729 
   120.31560314    38.02581178      1730 
   120.31549752    38.02584424      1731 
   120.31539190    38.02587670      1732 
   120.31528514    38.02590886      1733 
   120.31517838    38.02594102      1734 
   120.31507162    38.02597318      1735 
   120.31496486    38.02600534      1736 
   120.31485810    38.02603750      1737 
   120.31469964    38.02608762      1738 
   120.31454118    38.02613774      1739 
   120.31438272    38.02618786      1740 
   120.31422426    38.02623798      1741 
   120.31406580    38.02628810      1742 
   120.31395958    38.02632198      1743 
   120.31385336    38.02635586      1744 
   120.31374714    38.02638974      1745 
   120.31364092    38.02642362      1746 
   120.31353470    38.02645750      1747 
   120.31332582    38.02652900      1748 
   120.31311694    38.02660050      1749 
   120.31290806    38.02667200      1750 
   120.31269918    38.02674350      1751 
   120.31249030    38.02681500      1752 
   120.31233586    38.02687422      1753 
   120.31218142    38.02693344      1754 
   120.31202698    38.02699266      1755 
   120.31187254    38.02705188      1756 
   120.31171810    38.02711110      1757 
   120.31161860    38.02715344      1758 
   120.31151910    38.02719578      1759 
   120.31141960    38.02723812      1760 
   120.31132010    38.02728046      1761 
   120.31122060    38.02732280      1762 
   120.31112010    38.02736602      1763 
   120.31101960    38.02740924      1764 
   120.31091910    38.02745246      1765 
   120.31081860    38.02749568      1766 
   120.31071810    38.02753890      1767 
   120.31056764    38.02760196      1768 
   120.31041718    38.02766502      1769 
   120.31026672    38.02772808      1770 
   120.31011626    38.02779114      1771 
   120.30996580    38.02785420      1772 
   120.30976192    38.02793458      1773 
   120.30955804    38.02801496      1774 
   120.30935416    38.02809534      1775 
   120.30915028    38.02817572      1776 
   120.30894640    38.02825610      1777 
   120.30885075    38.02829122      1778 
   120.30875509    38.02832634      1779 
   120.30865944    38.02836145      1780 
   120.30856378    38.02839657      1781 
   120.30846813    38.02843169      1782 
   120.30830756    38.02849219      1783 
   120.30814700    38.02855269      1784 
   120.30798643    38.02861320      1785 
   120.30782587    38.02867370      1786 
   120.30766530    38.02873420      1787 
   120.30756374    38.02877252      1788 
   120.30746218    38.02881084      1789 
   120.30736062    38.02884916      1790 
   120.30725906    38.02888748      1791 
   120.30715750    38.02892580      1792 
   120.30700406    38.02898580      1793 
   120.30685062    38.02904580      1794 
   120.30669718    38.02910580      1795 
   120.30654374    38.02916580      1796 
   120.30639030    38.02922580      1797 
   120.30618802    38.02930636      1798 
   120.30598574    38.02938692      1799 
   120.30578346    38.02946748      1800 
   120.30558118    38.02954804      1801 
   120.30537890    38.02962860      1802 
   120.30527674    38.02966810      1803 
   120.30517458    38.02970760      1804 
   120.30507242    38.02974710      1805 
   120.30497026    38.02978660      1806 
   120.30486810    38.02982610      1807 
   120.30471636    38.02988522      1808 
   120.30456462    38.02994434      1809 
   120.30441288    38.03000346      1810 
   120.30426114    38.03006258      1811 
   120.30410940    38.03012170      1812 
   120.30400830    38.03016214      1813 
   120.30390720    38.03020258      1814 
   120.30380610    38.03024302      1815 
   120.30370500    38.03028346      1816 
   120.30360390    38.03032390      1817 
   120.30342956    38.03039514      1818 
   120.30325522    38.03046639      1819 
   120.30308088    38.03053763      1820 
   120.30290654    38.03060888      1821 
   120.30273220    38.03068012      1822 
   120.30255654    38.03075272      1823 
   120.30238088    38.03082531      1824 
   120.30220522    38.03089791      1825 
   120.30202956    38.03097050      1826 
   120.30185390    38.03104310      1827 
   120.30165681    38.03111370      1828 
   120.30145971    38.03118430      1829 
   120.30126262    38.03125489      1830 
   120.30106552    38.03132549      1831 
   120.30086843    38.03139609      1832 
   120.30071118    38.03145443      1833 
   120.30055394    38.03151277      1834 
   120.30039669    38.03157112      1835 
   120.30023945    38.03162946      1836 
   120.30008220    38.03168780      1837 
   120.29998232    38.03172868      1838 
   120.29988244    38.03176956      1839 
   120.29978256    38.03181044      1840 
   120.29968268    38.03185132      1841 
   120.29958280    38.03189220      1842 
   120.29943636    38.03195564      1843 
   120.29928992    38.03201908      1844 
   120.29914348    38.03208252      1845 
   120.29899704    38.03214596      1846 
   120.29885060    38.03220940      1847 
   120.29864910    38.03228740      1848 
   120.29844760    38.03236540      1849 
   120.29824610    38.03244340      1850 
   120.29804460    38.03252140      1851 
   120.29784310    38.03259940      1852 
   120.29774226    38.03263514      1853 
   120.29764142    38.03267088      1854 
   120.29754058    38.03270662      1855 
   120.29743974    38.03274236      1856 
   120.29733890    38.03277810      1857 
   120.29718784    38.03283664      1858 
   120.29703678    38.03289518      1859 
   120.29688572    38.03295372      1860 
   120.29673466    38.03301226      1861 
   120.29658360    38.03307080      1862 
   120.29638854    38.03315670      1863 
   120.29619348    38.03324260      1864 
   120.29599842    38.03332850      1865 
   120.29580336    38.03341440      1866 
   120.29560830    38.03350030      1867 
   120.29546108    38.03356418      1868 
   120.29531386    38.03362806      1869 
   120.29516664    38.03369194      1870 
   120.29501942    38.03375582      1871 
   120.29487220    38.03381970      1872 
   120.29467282    38.03389592      1873 
   120.29447344    38.03397214      1874 
   120.29427406    38.03404836      1875 
   120.29407468    38.03412458      1876 
   120.29387530    38.03420080      1877 
   120.29372558    38.03425598      1878 
   120.29357586    38.03431116      1879 
   120.29342614    38.03436634      1880 
   120.29327642    38.03442152      1881 
   120.29312670    38.03447670      1882 
   120.29302714    38.03451586      1883 
   120.29292758    38.03455502      1884 
   120.29282802    38.03459418      1885 
   120.29272846    38.03463334      1886 
   120.29262890    38.03467250      1887 
   120.29243168    38.03475072      1888 
   120.29223446    38.03482894      1889 
   120.29203724    38.03490716      1890 
   120.29184002    38.03498538      1891 
   120.29164280    38.03506360      1892 
   120.29148946    38.03511416      1893 
   120.29133612    38.03516472      1894 
   120.29118278    38.03521528      1895 
   120.29102944    38.03526584      1896 
   120.29087610    38.03531640      1897 
   120.29077554    38.03535012      1898 
   120.29067498    38.03538384      1899 
   120.29057442    38.03541756      1900 
   120.29047386    38.03545128      1901 
   120.29037330    38.03548500      1902 
   120.29022158    38.03553922      1903 
   120.29006986    38.03559344      1904 
   120.28991814    38.03564766      1905 
   120.28976642    38.03570188      1906 
   120.28961470    38.03575610      1907 
   120.28941476    38.03583094      1908 
   120.28921482    38.03590578      1909 
   120.28901488    38.03598062      1910 
   120.28881494    38.03605546      1911 
   120.28861500    38.03613030      1912 
   120.28844603    38.03619613      1913 
   120.28827706    38.03626196      1914 
   120.28810809    38.03632780      1915 
   120.28793912    38.03639363      1916 
   120.28777015    38.03645946      1917 
   120.28759118    38.03653007      1918 
   120.28741221    38.03660068      1919 
   120.28723324    38.03667128      1920 
   120.28705427    38.03674189      1921 
   120.28687530    38.03681250      1922 
   120.28677674    38.03685188      1923 
   120.28667818    38.03689126      1924 
   120.28657962    38.03693064      1925 
   120.28648106    38.03697002      1926 
   120.28638250    38.03700940      1927 
   120.28623284    38.03706802      1928 
   120.28608318    38.03712664      1929 
   120.28593352    38.03718526      1930 
   120.28578386    38.03724388      1931 
   120.28563420    38.03730250      1932 
   120.28543392    38.03737634      1933 
   120.28523364    38.03745018      1934 
   120.28503336    38.03752402      1935 
   120.28483308    38.03759786      1936 
   120.28463280    38.03767170      1937 
   120.28448046    38.03772530      1938 
   120.28432812    38.03777890      1939 
   120.28417578    38.03783250      1940 
   120.28402344    38.03788610      1941 
   120.28387110    38.03793970      1942 
   120.28377154    38.03797676      1943 
   120.28367198    38.03801382      1944 
   120.28357242    38.03805088      1945 
   120.28347286    38.03808794      1946 
   120.28337330    38.03812500      1947 
   120.28317508    38.03820628      1948 
   120.28297686    38.03828756      1949 
   120.28277864    38.03836884      1950 
   120.28258042    38.03845012      1951 
   120.28238220    38.03853140      1952 
   120.28223442    38.03859150      1953 
   120.28208664    38.03865160      1954 
   120.28193886    38.03871170      1955 
   120.28179108    38.03877180      1956 
   120.28164330    38.03883190      1957 
   120.28144376    38.03890780      1958 
   120.28124422    38.03898370      1959 
   120.28104468    38.03905960      1960 
   120.28084514    38.03913550      1961 
   120.28064560    38.03921140      1962 
   120.28049286    38.03926434      1963 
   120.28034012    38.03931728      1964 
   120.28018738    38.03937022      1965 
   120.28003464    38.03942316      1966 
   120.27988190    38.03947610      1967 
   120.27978136    38.03951010      1968 
   120.27968082    38.03954410      1969 
   120.27958028    38.03957810      1970 
   120.27947974    38.03961210      1971 
   120.27937920    38.03964610      1972 
   120.27918315    38.03971350      1973 
   120.27898709    38.03978089      1974 
   120.27879104    38.03984829      1975 
   120.27859498    38.03991568      1976 
   120.27839893    38.03998308      1977 
   120.27824302    38.04003818      1978 
   120.27808712    38.04009329      1979 
   120.27793121    38.04014839      1980 
   120.27777531    38.04020350      1981 
   120.27761940    38.04025860      1982 
   120.27751858    38.04029472      1983 
   120.27741776    38.04033084      1984 
   120.27731694    38.04036696      1985 
   120.27721612    38.04040308      1986 
   120.27711530    38.04043920      1987 
   120.27696590    38.04049302      1988 
   120.27681650    38.04054684      1989 
   120.27666710    38.04060066      1990 
   120.27651770    38.04065448      1991 
   120.27636830    38.04070830      1992 
   120.27616942    38.04078392      1993 
   120.27597054    38.04085954      1994 
   120.27577166    38.04093516      1995 
   120.27557278    38.04101078      1996 
   120.27537390    38.04108640      1997 
   120.27522746    38.04114450      1998 
   120.27508102    38.04120260      1999 
   120.27493458    38.04126070      2000 
   120.27478814    38.04131880      2001 
   120.27464170    38.04137690      2002 
   120.27444474    38.04145246      2003 
   120.27424778    38.04152802      2004 
   120.27405082    38.04160358      2005 
   120.27385386    38.04167914      2006 
   120.27365690    38.04175470      2007 
   120.27355680    38.04179092      2008 
   120.27345670    38.04182714      2009 
   120.27335660    38.04186336      2010 
   120.27325650    38.04189958      2011 
   120.27315640    38.04193580      2012 
   120.27300696    38.04198886      2013 
   120.27285752    38.04204192      2014 
   120.27270808    38.04209498      2015 
   120.27255864    38.04214804      2016 
   120.27240920    38.04220110      2017 
   120.27220664    38.04226944      2018 
   120.27200408    38.04233778      2019 
   120.27180152    38.04240612      2020 
   120.27159896    38.04247446      2021 
   120.27139640    38.04254280      2022 
   120.27124728    38.04259658      2023 
   120.27109816    38.04265036      2024 
   120.27094904    38.04270414      2025 
   120.27079992    38.04275792      2026 
   120.27065080    38.04281170      2027 
   120.27055236    38.04285152      2028 
   120.27045392    38.04289134      2029 
   120.27035548    38.04293116      2030 
   120.27025704    38.04297098      2031 
   120.27015860    38.04301080      2032 
   120.26996554    38.04309470      2033 
   120.26977248    38.04317860      2034 
   120.26957942    38.04326250      2035 
   120.26938636    38.04334640      2036 
   120.26919330    38.04343030      2037 
   120.26904476    38.04348824      2038 
   120.26889622    38.04354618      2039 
   120.26874768    38.04360412      2040 
   120.26859914    38.04366206      2041 
   120.26845060    38.04372000      2042 
   120.26825132    38.04379316      2043 
   120.26805204    38.04386632      2044 
   120.26785276    38.04393948      2045 
   120.26765348    38.04401264      2046 
   120.26745420    38.04408580      2047 
   120.26730470    38.04413998      2048 
   120.26715520    38.04419416      2049 
   120.26700570    38.04424834      2050 
   120.26685620    38.04430252      2051 
   120.26670670    38.04435670      2052 
   120.26660724    38.04439448      2053 
   120.26650778    38.04443226      2054 
   120.26640832    38.04447004      2055 
   120.26630886    38.04450782      2056 
   120.26620940    38.04454560      2057 
   120.26604049    38.04461653      2058 
   120.26587157    38.04468745      2059 
   120.26570266    38.04475838      2060 
   120.26553374    38.04482930      2061 
   120.26536483    38.04490023      2062 
   120.26519374    38.04497212      2063 
   120.26502266    38.04504402      2064 
   120.26485157    38.04511591      2065 
   120.26468049    38.04518781      2066 
   120.26450940    38.04525970      2067 
   120.26441258    38.04529770      2068 
   120.26431576    38.04533570      2069 
   120.26421894    38.04537370      2070 
   120.26412212    38.04541170      2071 
   120.26402530    38.04544970      2072 
   120.26377836    38.04553938      2073 
   120.26353142    38.04562906      2074 
   120.26328448    38.04571874      2075 
   120.26303754    38.04580842      2076 
   120.26279060    38.04589810      2077 
   120.26269214    38.04593586      2078 
   120.26259368    38.04597362      2079 
   120.26249522    38.04601138      2080 
   120.26239676    38.04604914      2081 
   120.26229830    38.04608690      2082 
   120.26215098    38.04614386      2083 
   120.26200366    38.04620082      2084 
   120.26185634    38.04625778      2085 
   120.26170902    38.04631474      2086 
   120.26156170    38.04637170      2087 
   120.26136674    38.04644786      2088 
   120.26117178    38.04652402      2089 
   120.26097682    38.04660018      2090 
   120.26078186    38.04667634      2091 
   120.26058690    38.04675250      2092 
   120.26048996    38.04678956      2093 
   120.26039302    38.04682662      2094 
   120.26029608    38.04686368      2095 
   120.26019914    38.04690074      2096 
   120.26010220    38.04693780      2097 
   120.25995454    38.04699408      2098 
   120.25980688    38.04705036      2099 
   120.25965922    38.04710664      2100 
   120.25951156    38.04716292      2101 
   120.25936390    38.04721920      2102 
   120.25916800    38.04729236      2103 
   120.25897210    38.04736552      2104 
   120.25877620    38.04743868      2105 
   120.25858030    38.04751184      2106 
   120.25838440    38.04758500      2107 
   120.25823736    38.04764162      2108 
   120.25809032    38.04769824      2109 
   120.25794328    38.04775486      2110 
   120.25779624    38.04781148      2111 
   120.25764920    38.04786810      2112 
   120.25745452    38.04794364      2113 
   120.25725984    38.04801918      2114 
   120.25706516    38.04809472      2115 
   120.25687048    38.04817026      2116 
   120.25667580    38.04824580      2117 
   120.25652942    38.04830058      2118 
   120.25638304    38.04835536      2119 
   120.25623666    38.04841014      2120 
   120.25609028    38.04846492      2121 
   120.25594390    38.04851970      2122 
   120.25584612    38.04855614      2123 
   120.25574834    38.04859258      2124 
   120.25565056    38.04862902      2125 
   120.25555278    38.04866546      2126 
   120.25545500    38.04870190      2127 
   120.25526262    38.04877952      2128 
   120.25507024    38.04885714      2129 
   120.25487786    38.04893476      2130 
   120.25468548    38.04901238      2131 
   120.25449310    38.04909000      2132 
   120.25434710    38.04914688      2133 
   120.25420110    38.04920376      2134 
   120.25405510    38.04926064      2135 
   120.25390910    38.04931752      2136 
   120.25376310    38.04937440      2137 
   120.25366560    38.04940874      2138 
   120.25356810    38.04944308      2139 
   120.25347060    38.04947742      2140 
   120.25337310    38.04951176      2141 
   120.25327560    38.04954610      2142 
   120.25312560    38.04959438      2143 
   120.25297560    38.04964266      2144 
   120.25282560    38.04969094      2145 
   120.25267560    38.04973922      2146 
   120.25252560    38.04978750      2147 
   120.25232964    38.04985700      2148 
   120.25213368    38.04992650      2149 
   120.25193772    38.04999600      2150 
   120.25174176    38.05006550      2151 
   120.25154580    38.05013500      2152 
   120.25138234    38.05020095      2153 
   120.25121887    38.05026690      2154 
   120.25105541    38.05033286      2155 
   120.25089194    38.05039881      2156 
   120.25072848    38.05046476      2157 
   120.25055484    38.05053297      2158 
   120.25038121    38.05060118      2159 
   120.25020757    38.05066938      2160 
   120.25003394    38.05073759      2161 
   120.24986030    38.05080580      2162 
   120.24976336    38.05084292      2163 
   120.24966642    38.05088004      2164 
   120.24956948    38.05091716      2165 
   120.24947254    38.05095428      2166 
   120.24937560    38.05099140      2167 
   120.24923032    38.05104628      2168 
   120.24908504    38.05110116      2169 
   120.24893976    38.05115604      2170 
   120.24879448    38.05121092      2171 
   120.24864920    38.05126580      2172 
   120.24845364    38.05133530      2173 
   120.24825808    38.05140480      2174 
   120.24806252    38.05147430      2175 
   120.24786696    38.05154380      2176 
   120.24767140    38.05161330      2177 
   120.24752462    38.05166826      2178 
   120.24737784    38.05172322      2179 
   120.24723106    38.05177818      2180 
   120.24708428    38.05183314      2181 
   120.24693750    38.05188810      2182 
   120.24684206    38.05192670      2183 
   120.24674662    38.05196530      2184 
   120.24665118    38.05200390      2185 
   120.24655574    38.05204250      2186 
   120.24646030    38.05208110      2187 
   120.24626736    38.05216016      2188 
   120.24607442    38.05223922      2189 
   120.24588148    38.05231828      2190 
   120.24568854    38.05239734      2191 
   120.24549560    38.05247640      2192 
   120.24534826    38.05252790      2193 
   120.24520092    38.05257940      2194 
   120.24505358    38.05263090      2195 
   120.24490624    38.05268240      2196 
   120.24475890    38.05273390      2197 
   120.24456368    38.05280600      2198 
   120.24436846    38.05287810      2199 
   120.24417324    38.05295020      2200 
   120.24397802    38.05302230      2201 
   120.24378280    38.05309440      2202 
   120.24363868    38.05315468      2203 
   120.24349456    38.05321496      2204 
   120.24335044    38.05327524      2205 
   120.24320632    38.05333552      2206 
   120.24306220    38.05339580      2207 
   120.24296660    38.05343592      2208 
   120.24287100    38.05347604      2209 
   120.24277540    38.05351616      2210 
   120.24267980    38.05355628      2211 
   120.24258420    38.05359640      2212 
   120.24239593    38.05366634      2213 
   120.24220767    38.05373628      2214 
   120.24201940    38.05380621      2215 
   120.24183114    38.05387615      2216 
   120.24164287    38.05394609      2217 
   120.24149302    38.05400409      2218 
   120.24134316    38.05406209      2219 
   120.24119331    38.05412010      2220 
   120.24104345    38.05417810      2221 
   120.24089360    38.05423610      2222 
   120.24079672    38.05427404      2223 
   120.24069984    38.05431198      2224 
   120.24060296    38.05434992      2225 
   120.24050608    38.05438786      2226 
   120.24040920    38.05442580      2227 
   120.24016492    38.05451248      2228 
   120.23992064    38.05459916      2229 
   120.23967636    38.05468584      2230 
   120.23943208    38.05477252      2231 
   120.23918780    38.05485920      2232 
   120.23909018    38.05489492      2233 
   120.23899256    38.05493064      2234 
   120.23889494    38.05496636      2235 
   120.23879732    38.05500208      2236 
   120.23869970    38.05503780      2237 
   120.23855804    38.05509686      2238 
   120.23841638    38.05515592      2239 
   120.23827472    38.05521498      2240 
   120.23813306    38.05527404      2241 
   120.23799140    38.05533310      2242 
   120.23780490    38.05541810      2243 
   120.23761840    38.05550310      2244 
   120.23743190    38.05558810      2245 
   120.23724540    38.05567310      2246 
   120.23705890    38.05575810      2247 
   120.23696362    38.05579414      2248 
   120.23686834    38.05583018      2249 
   120.23677306    38.05586622      2250 
   120.23667778    38.05590226      2251 
   120.23658250    38.05593830      2252 
   120.23643662    38.05599020      2253 
   120.23629074    38.05604210      2254 
   120.23614486    38.05609400      2255 
   120.23599898    38.05614590      2256 
   120.23585310    38.05619780      2257 
   120.23565936    38.05626740      2258 
   120.23546562    38.05633700      2259 
   120.23527188    38.05640660      2260 
   120.23507814    38.05647620      2261 
   120.23488440    38.05654580      2262 
   120.23488440    38.05654580      2263 
   120.23488440    38.05654580      2264 
   120.23488440    38.05654580      2265 
   120.23488440    38.05654580      2266 
